Gear_Ratio_LP_Spool_Gen_Shaft = 1/(30000/30*pi/2/pi/60/2);
Gear_LP_Spool_Gen_Shaft_Efficiency = 0.98;
IM_fan_omega=[0;52.36;104.72;157.08;188.50;209.44;261.80;314.16;366.52;...
      376.99;418.88;471.24;523.60;565.49;575.96;628.32;680.68;733.04];
IM_fan_torque=[0;0.363;0.561;0.603;0.614;0.621;0.683;0.868;0.950;0.992;...
      1.134;1.269;1.460;1.700;1.750;2.044;2.262;2.618];